7.382000000000000000e+03
1.970300000000000000e+04
4.842000000000000000e+03
9.546000000000000000e+03
1.447800000000000000e+04
9.628000000000000000e+03
2.751000000000000000e+03
3.642000000000000000e+03
2.585000000000000000e+03
1.843100000000000000e+04
4.578000000000000000e+03
4.396000000000000000e+03
7.028000000000000000e+03
1.261200000000000000e+04
1.039800000000000000e+04
9.055000000000000000e+03
9.348000000000000000e+03
9.517000000000000000e+03
1.170900000000000000e+04
1.332000000000000000e+04
3.826000000000000000e+03
1.286100000000000000e+04
5.793000000000000000e+03
1.072400000000000000e+04
4.599000000000000000e+03
7.163000000000000000e+03
5.115000000000000000e+03
9.462000000000000000e+03
5.243000000000000000e+03
1.070400000000000000e+04
9.120000000000000000e+02
2.490000000000000000e+02
7.557000000000000000e+03
2.688000000000000000e+03
9.594000000000000000e+03
4.845000000000000000e+03
1.455200000000000000e+04
1.660500000000000000e+04
8.926000000000000000e+03
1.295600000000000000e+04
2.879000000000000000e+03
8.648000000000000000e+03
1.964700000000000000e+04
4.666000000000000000e+03
9.206000000000000000e+03
1.458000000000000000e+03
1.915000000000000000e+04
7.571000000000000000e+03
6.868000000000000000e+03
2.912000000000000000e+03
7.940000000000000000e+03
1.879000000000000000e+03
1.110400000000000000e+04
9.402000000000000000e+03
3.852000000000000000e+03
7.439000000000000000e+03
5.756000000000000000e+03
1.761300000000000000e+04
6.923000000000000000e+03
1.050400000000000000e+04
7.143000000000000000e+03
1.561000000000000000e+04
6.386000000000000000e+03
8.399000000000000000e+03
2.846000000000000000e+03
1.027800000000000000e+04
9.490000000000000000e+03
7.111000000000000000e+03
1.770000000000000000e+02
7.790000000000000000e+03
4.779000000000000000e+03
4.871000000000000000e+03
5.450000000000000000e+02
2.779000000000000000e+03
3.829000000000000000e+03
2.860000000000000000e+03
2.913000000000000000e+03
8.700000000000000000e+02
1.693600000000000000e+04
1.305900000000000000e+04
4.855000000000000000e+03
8.397000000000000000e+03
3.677000000000000000e+03
6.063000000000000000e+03
3.518000000000000000e+03
9.352000000000000000e+03
1.012400000000000000e+04
6.850000000000000000e+03
1.772000000000000000e+03
1.152600000000000000e+04
1.170300000000000000e+04
4.681000000000000000e+03
4.478000000000000000e+03
1.239000000000000000e+03
6.349000000000000000e+03
2.998000000000000000e+03
7.240000000000000000e+02
1.320600000000000000e+04
6.884000000000000000e+03
8.620000000000000000e+03
