2.590042549133738346e-03
7.180282899036896337e-06
1.018858278175117417e-04
6.204946629162662319e-04
5.010280178610588414e-02
4.470730268546182969e-07
4.109658991851001099e-06
1.087272196521763348e-04
4.380885647300551970e-04
9.672077398485166367e-04
1.080525780100603187e-03
5.742025659077974048e-05
1.846854862576329524e-05
4.750621683925045080e-03
5.697313261584405171e-05
1.183459435207797142e-04
1.562005516187358039e-03
7.750772378104923602e-06
3.190540992126951296e-03
7.546932706159455181e-06
1.445320013240731227e-01
1.193282191143477068e-03
3.424822119451088193e-02
7.342684194802653538e-03
2.139645438362875862e-03
7.652940208596730332e-05
3.938283007849859539e-03
9.578736819834785150e-04
7.305686081743277549e-03
2.473871678602239693e-06
1.916217124877779511e-04
3.345808597488815830e-04
1.614272402651155403e-04
1.920405207375424587e-03
4.750302489126229728e-04
2.612246807309075158e-02
4.907824556688685955e-05
1.430310455628647958e-06
2.035944223035285605e-01
1.076365135199724640e-02
2.623474713391354333e-04
4.252741979263708304e-03
8.029014983793669258e-04
3.987134688557988838e-06
2.078915557113424160e-03
4.913214654095818951e-02
1.011013759537312878e-03
2.046223552484464437e-04
5.176979103791342745e-05
8.084376022760915870e-04
2.429093047017707660e-03
9.943835372581654700e-05
2.718664535914917414e-05
5.479076532724861932e-05
7.502840143295652457e-05
1.605265279435985236e-03
5.201980802929186826e-02
1.787926180328925212e-05
9.146025510063702331e-04
1.846514975285789141e-04
1.801606700758853069e-02
5.842888984310557615e-03
6.958445478554169442e-05
2.729244392977095012e-04
1.722595031927816323e-01
2.234610909142648039e-03
4.379149366581457583e-07
4.800617034154373852e-04
2.555274574533355526e-03
3.457216734425180653e-04
5.706926252687819640e-03
3.286792918701378179e-03
1.893215481288479732e-03
3.305311561924674786e-07
6.126778023773861610e-04
3.089354043344118002e-05
1.462940763322385568e-05
1.668084528782413922e-03
1.739239800203174272e-02
6.884270522936943590e-04
2.650586886366158661e-04
3.112561874579522839e-02
2.159207121243276063e-03
1.070610029083137778e-04
7.674934923941659464e-05
4.452892267371738209e-04
6.095728302726226884e-06
3.462265059723929322e-04
9.759725045798896270e-02
1.511121625460926359e-03
2.322116588640363820e-03
8.604794125667866278e-05
2.232972660314249574e-04
3.506594302618801250e-04
2.572198009042352489e-06
1.166569336761226223e-03
2.362961970736399749e-04
1.422703830726655856e-03
